"run","initialStrength","dg","EndTime","initialActionNorm","normAgentCount","valueNormAgentCount","k","valueDifferenceMean","LHE:forceHumanAction","randomSeed","pieSize","selfTrAvgStrength","valueDifferenceSD","LHEAgentCount","selfEnAvgStrength","GUI","equalInitialQuality","valueAgentCount","initialAcceptRateNorm","agentCount","beta"
1,1.0,0.5,30,0,0,32,0.5,-0.55,"true",1,1000,1.0,1.14,0,1.0,"false","true",0,0,32,0.1
3,1.0,0.5,30,0,0,32,0.5,-0.55,"true",3,1000,1.0,1.14,0,1.0,"false","true",0,0,32,0.1
5,1.0,0.5,30,0,0,32,0.5,-0.55,"true",5,1000,1.0,1.14,0,1.0,"false","true",0,0,32,0.1
7,1.0,0.5,30,0,0,32,0.5,-0.55,"true",7,1000,1.0,1.14,0,1.0,"false","true",0,0,32,0.1
9,1.0,0.5,30,0,0,32,0.5,-0.55,"true",9,1000,1.0,1.14,0,1.0,"false","true",0,0,32,0.1
11,1.0,0.5,30,0,0,32,0.5,-0.55,"true",11,1000,1.0,1.14,0,1.0,"false","true",0,0,32,0.1
13,1.0,0.5,30,0,0,32,0.5,-0.55,"true",13,1000,1.0,1.14,0,1.0,"false","true",0,0,32,0.1
15,1.0,0.5,30,0,0,32,0.5,-0.55,"true",15,1000,1.0,1.14,0,1.0,"false","true",0,0,32,0.1
17,1.0,0.5,30,0,0,32,0.5,-0.55,"true",17,1000,1.0,1.14,0,1.0,"false","true",0,0,32,0.1
19,1.0,0.5,30,0,0,32,0.5,-0.55,"true",19,1000,1.0,1.14,0,1.0,"false","true",0,0,32,0.1
21,1.0,0.5,30,0,0,32,0.5,-0.55,"true",21,1000,1.0,1.14,0,1.0,"false","true",0,0,32,0.1
23,1.0,0.5,30,0,0,32,0.5,-0.55,"true",23,1000,1.0,1.14,0,1.0,"false","true",0,0,32,0.1
25,1.0,0.5,30,0,0,32,0.5,-0.55,"true",25,1000,1.0,1.14,0,1.0,"false","true",0,0,32,0.1
27,1.0,0.5,30,0,0,32,0.5,-0.55,"true",27,1000,1.0,1.14,0,1.0,"false","true",0,0,32,0.1
29,1.0,0.5,30,0,0,32,0.5,-0.55,"true",29,1000,1.0,1.14,0,1.0,"false","true",0,0,32,0.1
31,1.0,0.5,30,0,0,32,0.5,-0.55,"true",31,1000,1.0,1.14,0,1.0,"false","true",0,0,32,0.1
33,1.0,0.5,30,0,0,32,0.5,-0.55,"true",33,1000,1.0,1.14,0,1.0,"false","true",0,0,32,0.1
35,1.0,0.5,30,0,0,32,0.5,-0.55,"true",35,1000,1.0,1.14,0,1.0,"false","true",0,0,32,0.1
37,1.0,0.5,30,0,0,32,0.5,-0.55,"true",37,1000,1.0,1.14,0,1.0,"false","true",0,0,32,0.1
39,1.0,0.5,30,0,0,32,0.5,-0.55,"true",39,1000,1.0,1.14,0,1.0,"false","true",0,0,32,0.1
41,1.0,0.5,30,0,0,32,0.5,-0.55,"true",41,1000,1.0,1.14,0,1.0,"false","true",0,0,32,0.1
43,1.0,0.5,30,0,0,32,0.5,-0.55,"true",43,1000,1.0,1.14,0,1.0,"false","true",0,0,32,0.1
45,1.0,0.5,30,0,0,32,0.5,-0.55,"true",45,1000,1.0,1.14,0,1.0,"false","true",0,0,32,0.1
47,1.0,0.5,30,0,0,32,0.5,-0.55,"true",47,1000,1.0,1.14,0,1.0,"false","true",0,0,32,0.1
49,1.0,0.5,30,0,0,32,0.5,-0.55,"true",49,1000,1.0,1.14,0,1.0,"false","true",0,0,32,0.1
51,1.0,0.5,30,0,0,32,0.5,-0.55,"true",51,1000,1.0,1.14,0,1.0,"false","true",0,0,32,0.1
53,1.0,0.5,30,0,0,32,0.5,-0.55,"true",53,1000,1.0,1.14,0,1.0,"false","true",0,0,32,0.1
55,1.0,0.5,30,0,0,32,0.5,-0.55,"true",55,1000,1.0,1.14,0,1.0,"false","true",0,0,32,0.1
57,1.0,0.5,30,0,0,32,0.5,-0.55,"true",57,1000,1.0,1.14,0,1.0,"false","true",0,0,32,0.1
59,1.0,0.5,30,0,0,32,0.5,-0.55,"true",59,1000,1.0,1.14,0,1.0,"false","true",0,0,32,0.1
61,1.0,0.5,30,0,0,32,0.5,-0.55,"true",61,1000,1.0,1.14,0,1.0,"false","true",0,0,32,0.1
63,1.0,0.5,30,0,0,32,0.5,-0.55,"true",63,1000,1.0,1.14,0,1.0,"false","true",0,0,32,0.1
65,1.0,0.5,30,0,0,32,0.5,-0.55,"true",65,1000,1.0,1.14,0,1.0,"false","true",0,0,32,0.1
67,1.0,0.5,30,0,0,32,0.5,-0.55,"true",67,1000,1.0,1.14,0,1.0,"false","true",0,0,32,0.1
69,1.0,0.5,30,0,0,32,0.5,-0.55,"true",69,1000,1.0,1.14,0,1.0,"false","true",0,0,32,0.1
71,1.0,0.5,30,0,0,32,0.5,-0.55,"true",71,1000,1.0,1.14,0,1.0,"false","true",0,0,32,0.1
73,1.0,0.5,30,0,0,32,0.5,-0.55,"true",73,1000,1.0,1.14,0,1.0,"false","true",0,0,32,0.1
75,1.0,0.5,30,0,0,32,0.5,-0.55,"true",75,1000,1.0,1.14,0,1.0,"false","true",0,0,32,0.1
77,1.0,0.5,30,0,0,32,0.5,-0.55,"true",77,1000,1.0,1.14,0,1.0,"false","true",0,0,32,0.1
79,1.0,0.5,30,0,0,32,0.5,-0.55,"true",79,1000,1.0,1.14,0,1.0,"false","true",0,0,32,0.1
81,1.0,0.5,30,0,0,32,0.5,-0.55,"true",81,1000,1.0,1.14,0,1.0,"false","true",0,0,32,0.1
83,1.0,0.5,30,0,0,32,0.5,-0.55,"true",83,1000,1.0,1.14,0,1.0,"false","true",0,0,32,0.1
85,1.0,0.5,30,0,0,32,0.5,-0.55,"true",85,1000,1.0,1.14,0,1.0,"false","true",0,0,32,0.1
87,1.0,0.5,30,0,0,32,0.5,-0.55,"true",87,1000,1.0,1.14,0,1.0,"false","true",0,0,32,0.1
89,1.0,0.5,30,0,0,32,0.5,-0.55,"true",89,1000,1.0,1.14,0,1.0,"false","true",0,0,32,0.1
91,1.0,0.5,30,0,0,32,0.5,-0.55,"true",91,1000,1.0,1.14,0,1.0,"false","true",0,0,32,0.1
93,1.0,0.5,30,0,0,32,0.5,-0.55,"true",93,1000,1.0,1.14,0,1.0,"false","true",0,0,32,0.1
95,1.0,0.5,30,0,0,32,0.5,-0.55,"true",95,1000,1.0,1.14,0,1.0,"false","true",0,0,32,0.1
97,1.0,0.5,30,0,0,32,0.5,-0.55,"true",97,1000,1.0,1.14,0,1.0,"false","true",0,0,32,0.1
99,1.0,0.5,30,0,0,32,0.5,-0.55,"true",99,1000,1.0,1.14,0,1.0,"false","true",0,0,32,0.1
101,1.0,0.5,30,0,0,32,0.5,-0.55,"true",101,1000,1.0,1.14,0,1.0,"false","true",0,0,32,0.1
103,1.0,0.5,30,0,0,32,0.5,-0.55,"true",103,1000,1.0,1.14,0,1.0,"false","true",0,0,32,0.1
105,1.0,0.5,30,0,0,32,0.5,-0.55,"true",105,1000,1.0,1.14,0,1.0,"false","true",0,0,32,0.1
107,1.0,0.5,30,0,0,32,0.5,-0.55,"true",107,1000,1.0,1.14,0,1.0,"false","true",0,0,32,0.1
109,1.0,0.5,30,0,0,32,0.5,-0.55,"true",109,1000,1.0,1.14,0,1.0,"false","true",0,0,32,0.1
111,1.0,0.5,30,0,0,32,0.5,-0.55,"true",111,1000,1.0,1.14,0,1.0,"false","true",0,0,32,0.1
113,1.0,0.5,30,0,0,32,0.5,-0.55,"true",113,1000,1.0,1.14,0,1.0,"false","true",0,0,32,0.1
115,1.0,0.5,30,0,0,32,0.5,-0.55,"true",115,1000,1.0,1.14,0,1.0,"false","true",0,0,32,0.1
117,1.0,0.5,30,0,0,32,0.5,-0.55,"true",117,1000,1.0,1.14,0,1.0,"false","true",0,0,32,0.1
119,1.0,0.5,30,0,0,32,0.5,-0.55,"true",119,1000,1.0,1.14,0,1.0,"false","true",0,0,32,0.1
121,1.0,0.5,30,0,0,32,0.5,-0.55,"true",121,1000,1.0,1.14,0,1.0,"false","true",0,0,32,0.1
123,1.0,0.5,30,0,0,32,0.5,-0.55,"true",123,1000,1.0,1.14,0,1.0,"false","true",0,0,32,0.1
125,1.0,0.5,30,0,0,32,0.5,-0.55,"true",125,1000,1.0,1.14,0,1.0,"false","true",0,0,32,0.1
127,1.0,0.5,30,0,0,32,0.5,-0.55,"true",127,1000,1.0,1.14,0,1.0,"false","true",0,0,32,0.1
129,1.0,0.5,30,0,0,32,0.5,-0.55,"true",129,1000,1.0,1.14,0,1.0,"false","true",0,0,32,0.1
131,1.0,0.5,30,0,0,32,0.5,-0.55,"true",131,1000,1.0,1.14,0,1.0,"false","true",0,0,32,0.1
133,1.0,0.5,30,0,0,32,0.5,-0.55,"true",133,1000,1.0,1.14,0,1.0,"false","true",0,0,32,0.1
135,1.0,0.5,30,0,0,32,0.5,-0.55,"true",135,1000,1.0,1.14,0,1.0,"false","true",0,0,32,0.1
137,1.0,0.5,30,0,0,32,0.5,-0.55,"true",137,1000,1.0,1.14,0,1.0,"false","true",0,0,32,0.1
139,1.0,0.5,30,0,0,32,0.5,-0.55,"true",139,1000,1.0,1.14,0,1.0,"false","true",0,0,32,0.1
141,1.0,0.5,30,0,0,32,0.5,-0.55,"true",141,1000,1.0,1.14,0,1.0,"false","true",0,0,32,0.1
143,1.0,0.5,30,0,0,32,0.5,-0.55,"true",143,1000,1.0,1.14,0,1.0,"false","true",0,0,32,0.1
145,1.0,0.5,30,0,0,32,0.5,-0.55,"true",145,1000,1.0,1.14,0,1.0,"false","true",0,0,32,0.1
147,1.0,0.5,30,0,0,32,0.5,-0.55,"true",147,1000,1.0,1.14,0,1.0,"false","true",0,0,32,0.1
149,1.0,0.5,30,0,0,32,0.5,-0.55,"true",149,1000,1.0,1.14,0,1.0,"false","true",0,0,32,0.1
151,1.0,0.5,30,0,0,32,0.5,-0.55,"true",151,1000,1.0,1.14,0,1.0,"false","true",0,0,32,0.1
153,1.0,0.5,30,0,0,32,0.5,-0.55,"true",153,1000,1.0,1.14,0,1.0,"false","true",0,0,32,0.1
155,1.0,0.5,30,0,0,32,0.5,-0.55,"true",155,1000,1.0,1.14,0,1.0,"false","true",0,0,32,0.1
157,1.0,0.5,30,0,0,32,0.5,-0.55,"true",157,1000,1.0,1.14,0,1.0,"false","true",0,0,32,0.1
159,1.0,0.5,30,0,0,32,0.5,-0.55,"true",159,1000,1.0,1.14,0,1.0,"false","true",0,0,32,0.1
161,1.0,0.5,30,0,0,32,0.5,-0.55,"true",161,1000,1.0,1.14,0,1.0,"false","true",0,0,32,0.1
163,1.0,0.5,30,0,0,32,0.5,-0.55,"true",163,1000,1.0,1.14,0,1.0,"false","true",0,0,32,0.1
165,1.0,0.5,30,0,0,32,0.5,-0.55,"true",165,1000,1.0,1.14,0,1.0,"false","true",0,0,32,0.1
167,1.0,0.5,30,0,0,32,0.5,-0.55,"true",167,1000,1.0,1.14,0,1.0,"false","true",0,0,32,0.1
169,1.0,0.5,30,0,0,32,0.5,-0.55,"true",169,1000,1.0,1.14,0,1.0,"false","true",0,0,32,0.1
171,1.0,0.5,30,0,0,32,0.5,-0.55,"true",171,1000,1.0,1.14,0,1.0,"false","true",0,0,32,0.1
173,1.0,0.5,30,0,0,32,0.5,-0.55,"true",173,1000,1.0,1.14,0,1.0,"false","true",0,0,32,0.1
175,1.0,0.5,30,0,0,32,0.5,-0.55,"true",175,1000,1.0,1.14,0,1.0,"false","true",0,0,32,0.1
177,1.0,0.5,30,0,0,32,0.5,-0.55,"true",177,1000,1.0,1.14,0,1.0,"false","true",0,0,32,0.1
179,1.0,0.5,30,0,0,32,0.5,-0.55,"true",179,1000,1.0,1.14,0,1.0,"false","true",0,0,32,0.1
181,1.0,0.5,30,0,0,32,0.5,-0.55,"true",181,1000,1.0,1.14,0,1.0,"false","true",0,0,32,0.1
183,1.0,0.5,30,0,0,32,0.5,-0.55,"true",183,1000,1.0,1.14,0,1.0,"false","true",0,0,32,0.1
185,1.0,0.5,30,0,0,32,0.5,-0.55,"true",185,1000,1.0,1.14,0,1.0,"false","true",0,0,32,0.1
187,1.0,0.5,30,0,0,32,0.5,-0.55,"true",187,1000,1.0,1.14,0,1.0,"false","true",0,0,32,0.1
189,1.0,0.5,30,0,0,32,0.5,-0.55,"true",189,1000,1.0,1.14,0,1.0,"false","true",0,0,32,0.1
191,1.0,0.5,30,0,0,32,0.5,-0.55,"true",191,1000,1.0,1.14,0,1.0,"false","true",0,0,32,0.1
193,1.0,0.5,30,0,0,32,0.5,-0.55,"true",193,1000,1.0,1.14,0,1.0,"false","true",0,0,32,0.1
195,1.0,0.5,30,0,0,32,0.5,-0.55,"true",195,1000,1.0,1.14,0,1.0,"false","true",0,0,32,0.1
197,1.0,0.5,30,0,0,32,0.5,-0.55,"true",197,1000,1.0,1.14,0,1.0,"false","true",0,0,32,0.1
199,1.0,0.5,30,0,0,32,0.5,-0.55,"true",199,1000,1.0,1.14,0,1.0,"false","true",0,0,32,0.1
201,1.0,0.5,30,0,0,32,0.5,-0.55,"true",201,1000,1.0,1.14,0,1.0,"false","true",0,0,32,0.1
203,1.0,0.5,30,0,0,32,0.5,-0.55,"true",203,1000,1.0,1.14,0,1.0,"false","true",0,0,32,0.1
205,1.0,0.5,30,0,0,32,0.5,-0.55,"true",205,1000,1.0,1.14,0,1.0,"false","true",0,0,32,0.1
207,1.0,0.5,30,0,0,32,0.5,-0.55,"true",207,1000,1.0,1.14,0,1.0,"false","true",0,0,32,0.1
209,1.0,0.5,30,0,0,32,0.5,-0.55,"true",209,1000,1.0,1.14,0,1.0,"false","true",0,0,32,0.1
211,1.0,0.5,30,0,0,32,0.5,-0.55,"true",211,1000,1.0,1.14,0,1.0,"false","true",0,0,32,0.1
213,1.0,0.5,30,0,0,32,0.5,-0.55,"true",213,1000,1.0,1.14,0,1.0,"false","true",0,0,32,0.1
215,1.0,0.5,30,0,0,32,0.5,-0.55,"true",215,1000,1.0,1.14,0,1.0,"false","true",0,0,32,0.1
217,1.0,0.5,30,0,0,32,0.5,-0.55,"true",217,1000,1.0,1.14,0,1.0,"false","true",0,0,32,0.1
219,1.0,0.5,30,0,0,32,0.5,-0.55,"true",219,1000,1.0,1.14,0,1.0,"false","true",0,0,32,0.1
221,1.0,0.5,30,0,0,32,0.5,-0.55,"true",221,1000,1.0,1.14,0,1.0,"false","true",0,0,32,0.1
223,1.0,0.5,30,0,0,32,0.5,-0.55,"true",223,1000,1.0,1.14,0,1.0,"false","true",0,0,32,0.1
225,1.0,0.5,30,0,0,32,0.5,-0.55,"true",225,1000,1.0,1.14,0,1.0,"false","true",0,0,32,0.1
227,1.0,0.5,30,0,0,32,0.5,-0.55,"true",227,1000,1.0,1.14,0,1.0,"false","true",0,0,32,0.1
229,1.0,0.5,30,0,0,32,0.5,-0.55,"true",229,1000,1.0,1.14,0,1.0,"false","true",0,0,32,0.1
231,1.0,0.5,30,0,0,32,0.5,-0.55,"true",231,1000,1.0,1.14,0,1.0,"false","true",0,0,32,0.1
233,1.0,0.5,30,0,0,32,0.5,-0.55,"true",233,1000,1.0,1.14,0,1.0,"false","true",0,0,32,0.1
235,1.0,0.5,30,0,0,32,0.5,-0.55,"true",235,1000,1.0,1.14,0,1.0,"false","true",0,0,32,0.1
237,1.0,0.5,30,0,0,32,0.5,-0.55,"true",237,1000,1.0,1.14,0,1.0,"false","true",0,0,32,0.1
239,1.0,0.5,30,0,0,32,0.5,-0.55,"true",239,1000,1.0,1.14,0,1.0,"false","true",0,0,32,0.1
241,1.0,0.5,30,0,0,32,0.5,-0.55,"true",241,1000,1.0,1.14,0,1.0,"false","true",0,0,32,0.1
243,1.0,0.5,30,0,0,32,0.5,-0.55,"true",243,1000,1.0,1.14,0,1.0,"false","true",0,0,32,0.1
245,1.0,0.5,30,0,0,32,0.5,-0.55,"true",245,1000,1.0,1.14,0,1.0,"false","true",0,0,32,0.1
247,1.0,0.5,30,0,0,32,0.5,-0.55,"true",247,1000,1.0,1.14,0,1.0,"false","true",0,0,32,0.1
249,1.0,0.5,30,0,0,32,0.5,-0.55,"true",249,1000,1.0,1.14,0,1.0,"false","true",0,0,32,0.1
251,1.0,0.5,30,0,0,32,0.5,-0.55,"true",251,1000,1.0,1.14,0,1.0,"false","true",0,0,32,0.1
253,1.0,0.5,30,0,0,32,0.5,-0.55,"true",253,1000,1.0,1.14,0,1.0,"false","true",0,0,32,0.1
255,1.0,0.5,30,0,0,32,0.5,-0.55,"true",255,1000,1.0,1.14,0,1.0,"false","true",0,0,32,0.1
257,1.0,0.5,30,0,0,32,0.5,-0.55,"true",257,1000,1.0,1.14,0,1.0,"false","true",0,0,32,0.1
259,1.0,0.5,30,0,0,32,0.5,-0.55,"true",259,1000,1.0,1.14,0,1.0,"false","true",0,0,32,0.1
261,1.0,0.5,30,0,0,32,0.5,-0.55,"true",261,1000,1.0,1.14,0,1.0,"false","true",0,0,32,0.1
263,1.0,0.5,30,0,0,32,0.5,-0.55,"true",263,1000,1.0,1.14,0,1.0,"false","true",0,0,32,0.1
265,1.0,0.5,30,0,0,32,0.5,-0.55,"true",265,1000,1.0,1.14,0,1.0,"false","true",0,0,32,0.1
267,1.0,0.5,30,0,0,32,0.5,-0.55,"true",267,1000,1.0,1.14,0,1.0,"false","true",0,0,32,0.1
269,1.0,0.5,30,0,0,32,0.5,-0.55,"true",269,1000,1.0,1.14,0,1.0,"false","true",0,0,32,0.1
271,1.0,0.5,30,0,0,32,0.5,-0.55,"true",271,1000,1.0,1.14,0,1.0,"false","true",0,0,32,0.1
273,1.0,0.5,30,0,0,32,0.5,-0.55,"true",273,1000,1.0,1.14,0,1.0,"false","true",0,0,32,0.1
275,1.0,0.5,30,0,0,32,0.5,-0.55,"true",275,1000,1.0,1.14,0,1.0,"false","true",0,0,32,0.1
277,1.0,0.5,30,0,0,32,0.5,-0.55,"true",277,1000,1.0,1.14,0,1.0,"false","true",0,0,32,0.1
279,1.0,0.5,30,0,0,32,0.5,-0.55,"true",279,1000,1.0,1.14,0,1.0,"false","true",0,0,32,0.1
281,1.0,0.5,30,0,0,32,0.5,-0.55,"true",281,1000,1.0,1.14,0,1.0,"false","true",0,0,32,0.1
283,1.0,0.5,30,0,0,32,0.5,-0.55,"true",283,1000,1.0,1.14,0,1.0,"false","true",0,0,32,0.1
285,1.0,0.5,30,0,0,32,0.5,-0.55,"true",285,1000,1.0,1.14,0,1.0,"false","true",0,0,32,0.1
287,1.0,0.5,30,0,0,32,0.5,-0.55,"true",287,1000,1.0,1.14,0,1.0,"false","true",0,0,32,0.1
289,1.0,0.5,30,0,0,32,0.5,-0.55,"true",289,1000,1.0,1.14,0,1.0,"false","true",0,0,32,0.1
291,1.0,0.5,30,0,0,32,0.5,-0.55,"true",291,1000,1.0,1.14,0,1.0,"false","true",0,0,32,0.1
293,1.0,0.5,30,0,0,32,0.5,-0.55,"true",293,1000,1.0,1.14,0,1.0,"false","true",0,0,32,0.1
295,1.0,0.5,30,0,0,32,0.5,-0.55,"true",295,1000,1.0,1.14,0,1.0,"false","true",0,0,32,0.1
297,1.0,0.5,30,0,0,32,0.5,-0.55,"true",297,1000,1.0,1.14,0,1.0,"false","true",0,0,32,0.1
299,1.0,0.5,30,0,0,32,0.5,-0.55,"true",299,1000,1.0,1.14,0,1.0,"false","true",0,0,32,0.1
301,1.0,0.5,30,0,0,32,0.5,-0.55,"true",301,1000,1.0,1.14,0,1.0,"false","true",0,0,32,0.1
303,1.0,0.5,30,0,0,32,0.5,-0.55,"true",303,1000,1.0,1.14,0,1.0,"false","true",0,0,32,0.1
305,1.0,0.5,30,0,0,32,0.5,-0.55,"true",305,1000,1.0,1.14,0,1.0,"false","true",0,0,32,0.1
307,1.0,0.5,30,0,0,32,0.5,-0.55,"true",307,1000,1.0,1.14,0,1.0,"false","true",0,0,32,0.1
309,1.0,0.5,30,0,0,32,0.5,-0.55,"true",309,1000,1.0,1.14,0,1.0,"false","true",0,0,32,0.1
311,1.0,0.5,30,0,0,32,0.5,-0.55,"true",311,1000,1.0,1.14,0,1.0,"false","true",0,0,32,0.1
313,1.0,0.5,30,0,0,32,0.5,-0.55,"true",313,1000,1.0,1.14,0,1.0,"false","true",0,0,32,0.1
315,1.0,0.5,30,0,0,32,0.5,-0.55,"true",315,1000,1.0,1.14,0,1.0,"false","true",0,0,32,0.1
317,1.0,0.5,30,0,0,32,0.5,-0.55,"true",317,1000,1.0,1.14,0,1.0,"false","true",0,0,32,0.1
319,1.0,0.5,30,0,0,32,0.5,-0.55,"true",319,1000,1.0,1.14,0,1.0,"false","true",0,0,32,0.1
321,1.0,0.5,30,0,0,32,0.5,-0.55,"true",321,1000,1.0,1.14,0,1.0,"false","true",0,0,32,0.1
323,1.0,0.5,30,0,0,32,0.5,-0.55,"true",323,1000,1.0,1.14,0,1.0,"false","true",0,0,32,0.1
325,1.0,0.5,30,0,0,32,0.5,-0.55,"true",325,1000,1.0,1.14,0,1.0,"false","true",0,0,32,0.1
327,1.0,0.5,30,0,0,32,0.5,-0.55,"true",327,1000,1.0,1.14,0,1.0,"false","true",0,0,32,0.1
329,1.0,0.5,30,0,0,32,0.5,-0.55,"true",329,1000,1.0,1.14,0,1.0,"false","true",0,0,32,0.1
331,1.0,0.5,30,0,0,32,0.5,-0.55,"true",331,1000,1.0,1.14,0,1.0,"false","true",0,0,32,0.1
333,1.0,0.5,30,0,0,32,0.5,-0.55,"true",333,1000,1.0,1.14,0,1.0,"false","true",0,0,32,0.1
335,1.0,0.5,30,0,0,32,0.5,-0.55,"true",335,1000,1.0,1.14,0,1.0,"false","true",0,0,32,0.1
337,1.0,0.5,30,0,0,32,0.5,-0.55,"true",337,1000,1.0,1.14,0,1.0,"false","true",0,0,32,0.1
339,1.0,0.5,30,0,0,32,0.5,-0.55,"true",339,1000,1.0,1.14,0,1.0,"false","true",0,0,32,0.1
341,1.0,0.5,30,0,0,32,0.5,-0.55,"true",341,1000,1.0,1.14,0,1.0,"false","true",0,0,32,0.1
343,1.0,0.5,30,0,0,32,0.5,-0.55,"true",343,1000,1.0,1.14,0,1.0,"false","true",0,0,32,0.1
345,1.0,0.5,30,0,0,32,0.5,-0.55,"true",345,1000,1.0,1.14,0,1.0,"false","true",0,0,32,0.1
347,1.0,0.5,30,0,0,32,0.5,-0.55,"true",347,1000,1.0,1.14,0,1.0,"false","true",0,0,32,0.1
349,1.0,0.5,30,0,0,32,0.5,-0.55,"true",349,1000,1.0,1.14,0,1.0,"false","true",0,0,32,0.1
351,1.0,0.5,30,0,0,32,0.5,-0.55,"true",351,1000,1.0,1.14,0,1.0,"false","true",0,0,32,0.1
353,1.0,0.5,30,0,0,32,0.5,-0.55,"true",353,1000,1.0,1.14,0,1.0,"false","true",0,0,32,0.1
355,1.0,0.5,30,0,0,32,0.5,-0.55,"true",355,1000,1.0,1.14,0,1.0,"false","true",0,0,32,0.1
357,1.0,0.5,30,0,0,32,0.5,-0.55,"true",357,1000,1.0,1.14,0,1.0,"false","true",0,0,32,0.1
359,1.0,0.5,30,0,0,32,0.5,-0.55,"true",359,1000,1.0,1.14,0,1.0,"false","true",0,0,32,0.1
361,1.0,0.5,30,0,0,32,0.5,-0.55,"true",361,1000,1.0,1.14,0,1.0,"false","true",0,0,32,0.1
363,1.0,0.5,30,0,0,32,0.5,-0.55,"true",363,1000,1.0,1.14,0,1.0,"false","true",0,0,32,0.1
365,1.0,0.5,30,0,0,32,0.5,-0.55,"true",365,1000,1.0,1.14,0,1.0,"false","true",0,0,32,0.1
367,1.0,0.5,30,0,0,32,0.5,-0.55,"true",367,1000,1.0,1.14,0,1.0,"false","true",0,0,32,0.1
369,1.0,0.5,30,0,0,32,0.5,-0.55,"true",369,1000,1.0,1.14,0,1.0,"false","true",0,0,32,0.1
371,1.0,0.5,30,0,0,32,0.5,-0.55,"true",371,1000,1.0,1.14,0,1.0,"false","true",0,0,32,0.1
373,1.0,0.5,30,0,0,32,0.5,-0.55,"true",373,1000,1.0,1.14,0,1.0,"false","true",0,0,32,0.1
375,1.0,0.5,30,0,0,32,0.5,-0.55,"true",375,1000,1.0,1.14,0,1.0,"false","true",0,0,32,0.1
377,1.0,0.5,30,0,0,32,0.5,-0.55,"true",377,1000,1.0,1.14,0,1.0,"false","true",0,0,32,0.1
379,1.0,0.5,30,0,0,32,0.5,-0.55,"true",379,1000,1.0,1.14,0,1.0,"false","true",0,0,32,0.1
381,1.0,0.5,30,0,0,32,0.5,-0.55,"true",381,1000,1.0,1.14,0,1.0,"false","true",0,0,32,0.1
383,1.0,0.5,30,0,0,32,0.5,-0.55,"true",383,1000,1.0,1.14,0,1.0,"false","true",0,0,32,0.1
385,1.0,0.5,30,0,0,32,0.5,-0.55,"true",385,1000,1.0,1.14,0,1.0,"false","true",0,0,32,0.1
387,1.0,0.5,30,0,0,32,0.5,-0.55,"true",387,1000,1.0,1.14,0,1.0,"false","true",0,0,32,0.1
389,1.0,0.5,30,0,0,32,0.5,-0.55,"true",389,1000,1.0,1.14,0,1.0,"false","true",0,0,32,0.1
391,1.0,0.5,30,0,0,32,0.5,-0.55,"true",391,1000,1.0,1.14,0,1.0,"false","true",0,0,32,0.1
393,1.0,0.5,30,0,0,32,0.5,-0.55,"true",393,1000,1.0,1.14,0,1.0,"false","true",0,0,32,0.1
395,1.0,0.5,30,0,0,32,0.5,-0.55,"true",395,1000,1.0,1.14,0,1.0,"false","true",0,0,32,0.1
397,1.0,0.5,30,0,0,32,0.5,-0.55,"true",397,1000,1.0,1.14,0,1.0,"false","true",0,0,32,0.1
399,1.0,0.5,30,0,0,32,0.5,-0.55,"true",399,1000,1.0,1.14,0,1.0,"false","true",0,0,32,0.1
401,1.0,0.5,30,0,0,32,0.5,-0.55,"true",401,1000,1.0,1.14,0,1.0,"false","true",0,0,32,0.1
403,1.0,0.5,30,0,0,32,0.5,-0.55,"true",403,1000,1.0,1.14,0,1.0,"false","true",0,0,32,0.1
405,1.0,0.5,30,0,0,32,0.5,-0.55,"true",405,1000,1.0,1.14,0,1.0,"false","true",0,0,32,0.1
407,1.0,0.5,30,0,0,32,0.5,-0.55,"true",407,1000,1.0,1.14,0,1.0,"false","true",0,0,32,0.1
409,1.0,0.5,30,0,0,32,0.5,-0.55,"true",409,1000,1.0,1.14,0,1.0,"false","true",0,0,32,0.1
411,1.0,0.5,30,0,0,32,0.5,-0.55,"true",411,1000,1.0,1.14,0,1.0,"false","true",0,0,32,0.1
413,1.0,0.5,30,0,0,32,0.5,-0.55,"true",413,1000,1.0,1.14,0,1.0,"false","true",0,0,32,0.1
415,1.0,0.5,30,0,0,32,0.5,-0.55,"true",415,1000,1.0,1.14,0,1.0,"false","true",0,0,32,0.1
417,1.0,0.5,30,0,0,32,0.5,-0.55,"true",417,1000,1.0,1.14,0,1.0,"false","true",0,0,32,0.1
419,1.0,0.5,30,0,0,32,0.5,-0.55,"true",419,1000,1.0,1.14,0,1.0,"false","true",0,0,32,0.1
421,1.0,0.5,30,0,0,32,0.5,-0.55,"true",421,1000,1.0,1.14,0,1.0,"false","true",0,0,32,0.1
423,1.0,0.5,30,0,0,32,0.5,-0.55,"true",423,1000,1.0,1.14,0,1.0,"false","true",0,0,32,0.1
425,1.0,0.5,30,0,0,32,0.5,-0.55,"true",425,1000,1.0,1.14,0,1.0,"false","true",0,0,32,0.1
427,1.0,0.5,30,0,0,32,0.5,-0.55,"true",427,1000,1.0,1.14,0,1.0,"false","true",0,0,32,0.1
429,1.0,0.5,30,0,0,32,0.5,-0.55,"true",429,1000,1.0,1.14,0,1.0,"false","true",0,0,32,0.1
431,1.0,0.5,30,0,0,32,0.5,-0.55,"true",431,1000,1.0,1.14,0,1.0,"false","true",0,0,32,0.1
433,1.0,0.5,30,0,0,32,0.5,-0.55,"true",433,1000,1.0,1.14,0,1.0,"false","true",0,0,32,0.1
435,1.0,0.5,30,0,0,32,0.5,-0.55,"true",435,1000,1.0,1.14,0,1.0,"false","true",0,0,32,0.1
437,1.0,0.5,30,0,0,32,0.5,-0.55,"true",437,1000,1.0,1.14,0,1.0,"false","true",0,0,32,0.1
439,1.0,0.5,30,0,0,32,0.5,-0.55,"true",439,1000,1.0,1.14,0,1.0,"false","true",0,0,32,0.1
441,1.0,0.5,30,0,0,32,0.5,-0.55,"true",441,1000,1.0,1.14,0,1.0,"false","true",0,0,32,0.1
443,1.0,0.5,30,0,0,32,0.5,-0.55,"true",443,1000,1.0,1.14,0,1.0,"false","true",0,0,32,0.1
445,1.0,0.5,30,0,0,32,0.5,-0.55,"true",445,1000,1.0,1.14,0,1.0,"false","true",0,0,32,0.1
447,1.0,0.5,30,0,0,32,0.5,-0.55,"true",447,1000,1.0,1.14,0,1.0,"false","true",0,0,32,0.1
449,1.0,0.5,30,0,0,32,0.5,-0.55,"true",449,1000,1.0,1.14,0,1.0,"false","true",0,0,32,0.1
451,1.0,0.5,30,0,0,32,0.5,-0.55,"true",451,1000,1.0,1.14,0,1.0,"false","true",0,0,32,0.1
453,1.0,0.5,30,0,0,32,0.5,-0.55,"true",453,1000,1.0,1.14,0,1.0,"false","true",0,0,32,0.1
455,1.0,0.5,30,0,0,32,0.5,-0.55,"true",455,1000,1.0,1.14,0,1.0,"false","true",0,0,32,0.1
457,1.0,0.5,30,0,0,32,0.5,-0.55,"true",457,1000,1.0,1.14,0,1.0,"false","true",0,0,32,0.1
459,1.0,0.5,30,0,0,32,0.5,-0.55,"true",459,1000,1.0,1.14,0,1.0,"false","true",0,0,32,0.1
461,1.0,0.5,30,0,0,32,0.5,-0.55,"true",461,1000,1.0,1.14,0,1.0,"false","true",0,0,32,0.1
463,1.0,0.5,30,0,0,32,0.5,-0.55,"true",463,1000,1.0,1.14,0,1.0,"false","true",0,0,32,0.1
465,1.0,0.5,30,0,0,32,0.5,-0.55,"true",465,1000,1.0,1.14,0,1.0,"false","true",0,0,32,0.1
467,1.0,0.5,30,0,0,32,0.5,-0.55,"true",467,1000,1.0,1.14,0,1.0,"false","true",0,0,32,0.1
469,1.0,0.5,30,0,0,32,0.5,-0.55,"true",469,1000,1.0,1.14,0,1.0,"false","true",0,0,32,0.1
471,1.0,0.5,30,0,0,32,0.5,-0.55,"true",471,1000,1.0,1.14,0,1.0,"false","true",0,0,32,0.1
473,1.0,0.5,30,0,0,32,0.5,-0.55,"true",473,1000,1.0,1.14,0,1.0,"false","true",0,0,32,0.1
475,1.0,0.5,30,0,0,32,0.5,-0.55,"true",475,1000,1.0,1.14,0,1.0,"false","true",0,0,32,0.1
477,1.0,0.5,30,0,0,32,0.5,-0.55,"true",477,1000,1.0,1.14,0,1.0,"false","true",0,0,32,0.1
479,1.0,0.5,30,0,0,32,0.5,-0.55,"true",479,1000,1.0,1.14,0,1.0,"false","true",0,0,32,0.1
481,1.0,0.5,30,0,0,32,0.5,-0.55,"true",481,1000,1.0,1.14,0,1.0,"false","true",0,0,32,0.1
483,1.0,0.5,30,0,0,32,0.5,-0.55,"true",483,1000,1.0,1.14,0,1.0,"false","true",0,0,32,0.1
485,1.0,0.5,30,0,0,32,0.5,-0.55,"true",485,1000,1.0,1.14,0,1.0,"false","true",0,0,32,0.1
487,1.0,0.5,30,0,0,32,0.5,-0.55,"true",487,1000,1.0,1.14,0,1.0,"false","true",0,0,32,0.1
489,1.0,0.5,30,0,0,32,0.5,-0.55,"true",489,1000,1.0,1.14,0,1.0,"false","true",0,0,32,0.1
491,1.0,0.5,30,0,0,32,0.5,-0.55,"true",491,1000,1.0,1.14,0,1.0,"false","true",0,0,32,0.1
493,1.0,0.5,30,0,0,32,0.5,-0.55,"true",493,1000,1.0,1.14,0,1.0,"false","true",0,0,32,0.1
495,1.0,0.5,30,0,0,32,0.5,-0.55,"true",495,1000,1.0,1.14,0,1.0,"false","true",0,0,32,0.1
497,1.0,0.5,30,0,0,32,0.5,-0.55,"true",497,1000,1.0,1.14,0,1.0,"false","true",0,0,32,0.1
499,1.0,0.5,30,0,0,32,0.5,-0.55,"true",499,1000,1.0,1.14,0,1.0,"false","true",0,0,32,0.1
2,1.0,0.5,30,0,0,32,0.5,-0.55,"true",2,1000,1.0,1.14,0,1.0,"false","true",0,0,32,0.1
4,1.0,0.5,30,0,0,32,0.5,-0.55,"true",4,1000,1.0,1.14,0,1.0,"false","true",0,0,32,0.1
6,1.0,0.5,30,0,0,32,0.5,-0.55,"true",6,1000,1.0,1.14,0,1.0,"false","true",0,0,32,0.1
8,1.0,0.5,30,0,0,32,0.5,-0.55,"true",8,1000,1.0,1.14,0,1.0,"false","true",0,0,32,0.1
10,1.0,0.5,30,0,0,32,0.5,-0.55,"true",10,1000,1.0,1.14,0,1.0,"false","true",0,0,32,0.1
12,1.0,0.5,30,0,0,32,0.5,-0.55,"true",12,1000,1.0,1.14,0,1.0,"false","true",0,0,32,0.1
14,1.0,0.5,30,0,0,32,0.5,-0.55,"true",14,1000,1.0,1.14,0,1.0,"false","true",0,0,32,0.1
16,1.0,0.5,30,0,0,32,0.5,-0.55,"true",16,1000,1.0,1.14,0,1.0,"false","true",0,0,32,0.1
18,1.0,0.5,30,0,0,32,0.5,-0.55,"true",18,1000,1.0,1.14,0,1.0,"false","true",0,0,32,0.1
20,1.0,0.5,30,0,0,32,0.5,-0.55,"true",20,1000,1.0,1.14,0,1.0,"false","true",0,0,32,0.1
22,1.0,0.5,30,0,0,32,0.5,-0.55,"true",22,1000,1.0,1.14,0,1.0,"false","true",0,0,32,0.1
24,1.0,0.5,30,0,0,32,0.5,-0.55,"true",24,1000,1.0,1.14,0,1.0,"false","true",0,0,32,0.1
26,1.0,0.5,30,0,0,32,0.5,-0.55,"true",26,1000,1.0,1.14,0,1.0,"false","true",0,0,32,0.1
28,1.0,0.5,30,0,0,32,0.5,-0.55,"true",28,1000,1.0,1.14,0,1.0,"false","true",0,0,32,0.1
30,1.0,0.5,30,0,0,32,0.5,-0.55,"true",30,1000,1.0,1.14,0,1.0,"false","true",0,0,32,0.1
32,1.0,0.5,30,0,0,32,0.5,-0.55,"true",32,1000,1.0,1.14,0,1.0,"false","true",0,0,32,0.1
34,1.0,0.5,30,0,0,32,0.5,-0.55,"true",34,1000,1.0,1.14,0,1.0,"false","true",0,0,32,0.1
36,1.0,0.5,30,0,0,32,0.5,-0.55,"true",36,1000,1.0,1.14,0,1.0,"false","true",0,0,32,0.1
38,1.0,0.5,30,0,0,32,0.5,-0.55,"true",38,1000,1.0,1.14,0,1.0,"false","true",0,0,32,0.1
40,1.0,0.5,30,0,0,32,0.5,-0.55,"true",40,1000,1.0,1.14,0,1.0,"false","true",0,0,32,0.1
42,1.0,0.5,30,0,0,32,0.5,-0.55,"true",42,1000,1.0,1.14,0,1.0,"false","true",0,0,32,0.1
44,1.0,0.5,30,0,0,32,0.5,-0.55,"true",44,1000,1.0,1.14,0,1.0,"false","true",0,0,32,0.1
46,1.0,0.5,30,0,0,32,0.5,-0.55,"true",46,1000,1.0,1.14,0,1.0,"false","true",0,0,32,0.1
48,1.0,0.5,30,0,0,32,0.5,-0.55,"true",48,1000,1.0,1.14,0,1.0,"false","true",0,0,32,0.1
50,1.0,0.5,30,0,0,32,0.5,-0.55,"true",50,1000,1.0,1.14,0,1.0,"false","true",0,0,32,0.1
52,1.0,0.5,30,0,0,32,0.5,-0.55,"true",52,1000,1.0,1.14,0,1.0,"false","true",0,0,32,0.1
54,1.0,0.5,30,0,0,32,0.5,-0.55,"true",54,1000,1.0,1.14,0,1.0,"false","true",0,0,32,0.1
56,1.0,0.5,30,0,0,32,0.5,-0.55,"true",56,1000,1.0,1.14,0,1.0,"false","true",0,0,32,0.1
58,1.0,0.5,30,0,0,32,0.5,-0.55,"true",58,1000,1.0,1.14,0,1.0,"false","true",0,0,32,0.1
60,1.0,0.5,30,0,0,32,0.5,-0.55,"true",60,1000,1.0,1.14,0,1.0,"false","true",0,0,32,0.1
62,1.0,0.5,30,0,0,32,0.5,-0.55,"true",62,1000,1.0,1.14,0,1.0,"false","true",0,0,32,0.1
64,1.0,0.5,30,0,0,32,0.5,-0.55,"true",64,1000,1.0,1.14,0,1.0,"false","true",0,0,32,0.1
66,1.0,0.5,30,0,0,32,0.5,-0.55,"true",66,1000,1.0,1.14,0,1.0,"false","true",0,0,32,0.1
68,1.0,0.5,30,0,0,32,0.5,-0.55,"true",68,1000,1.0,1.14,0,1.0,"false","true",0,0,32,0.1
70,1.0,0.5,30,0,0,32,0.5,-0.55,"true",70,1000,1.0,1.14,0,1.0,"false","true",0,0,32,0.1
72,1.0,0.5,30,0,0,32,0.5,-0.55,"true",72,1000,1.0,1.14,0,1.0,"false","true",0,0,32,0.1
74,1.0,0.5,30,0,0,32,0.5,-0.55,"true",74,1000,1.0,1.14,0,1.0,"false","true",0,0,32,0.1
76,1.0,0.5,30,0,0,32,0.5,-0.55,"true",76,1000,1.0,1.14,0,1.0,"false","true",0,0,32,0.1
78,1.0,0.5,30,0,0,32,0.5,-0.55,"true",78,1000,1.0,1.14,0,1.0,"false","true",0,0,32,0.1
80,1.0,0.5,30,0,0,32,0.5,-0.55,"true",80,1000,1.0,1.14,0,1.0,"false","true",0,0,32,0.1
82,1.0,0.5,30,0,0,32,0.5,-0.55,"true",82,1000,1.0,1.14,0,1.0,"false","true",0,0,32,0.1
84,1.0,0.5,30,0,0,32,0.5,-0.55,"true",84,1000,1.0,1.14,0,1.0,"false","true",0,0,32,0.1
86,1.0,0.5,30,0,0,32,0.5,-0.55,"true",86,1000,1.0,1.14,0,1.0,"false","true",0,0,32,0.1
88,1.0,0.5,30,0,0,32,0.5,-0.55,"true",88,1000,1.0,1.14,0,1.0,"false","true",0,0,32,0.1
90,1.0,0.5,30,0,0,32,0.5,-0.55,"true",90,1000,1.0,1.14,0,1.0,"false","true",0,0,32,0.1
92,1.0,0.5,30,0,0,32,0.5,-0.55,"true",92,1000,1.0,1.14,0,1.0,"false","true",0,0,32,0.1
94,1.0,0.5,30,0,0,32,0.5,-0.55,"true",94,1000,1.0,1.14,0,1.0,"false","true",0,0,32,0.1
96,1.0,0.5,30,0,0,32,0.5,-0.55,"true",96,1000,1.0,1.14,0,1.0,"false","true",0,0,32,0.1
98,1.0,0.5,30,0,0,32,0.5,-0.55,"true",98,1000,1.0,1.14,0,1.0,"false","true",0,0,32,0.1
100,1.0,0.5,30,0,0,32,0.5,-0.55,"true",100,1000,1.0,1.14,0,1.0,"false","true",0,0,32,0.1
102,1.0,0.5,30,0,0,32,0.5,-0.55,"true",102,1000,1.0,1.14,0,1.0,"false","true",0,0,32,0.1
104,1.0,0.5,30,0,0,32,0.5,-0.55,"true",104,1000,1.0,1.14,0,1.0,"false","true",0,0,32,0.1
106,1.0,0.5,30,0,0,32,0.5,-0.55,"true",106,1000,1.0,1.14,0,1.0,"false","true",0,0,32,0.1
108,1.0,0.5,30,0,0,32,0.5,-0.55,"true",108,1000,1.0,1.14,0,1.0,"false","true",0,0,32,0.1
110,1.0,0.5,30,0,0,32,0.5,-0.55,"true",110,1000,1.0,1.14,0,1.0,"false","true",0,0,32,0.1
112,1.0,0.5,30,0,0,32,0.5,-0.55,"true",112,1000,1.0,1.14,0,1.0,"false","true",0,0,32,0.1
114,1.0,0.5,30,0,0,32,0.5,-0.55,"true",114,1000,1.0,1.14,0,1.0,"false","true",0,0,32,0.1
116,1.0,0.5,30,0,0,32,0.5,-0.55,"true",116,1000,1.0,1.14,0,1.0,"false","true",0,0,32,0.1
118,1.0,0.5,30,0,0,32,0.5,-0.55,"true",118,1000,1.0,1.14,0,1.0,"false","true",0,0,32,0.1
120,1.0,0.5,30,0,0,32,0.5,-0.55,"true",120,1000,1.0,1.14,0,1.0,"false","true",0,0,32,0.1
122,1.0,0.5,30,0,0,32,0.5,-0.55,"true",122,1000,1.0,1.14,0,1.0,"false","true",0,0,32,0.1
124,1.0,0.5,30,0,0,32,0.5,-0.55,"true",124,1000,1.0,1.14,0,1.0,"false","true",0,0,32,0.1
126,1.0,0.5,30,0,0,32,0.5,-0.55,"true",126,1000,1.0,1.14,0,1.0,"false","true",0,0,32,0.1
128,1.0,0.5,30,0,0,32,0.5,-0.55,"true",128,1000,1.0,1.14,0,1.0,"false","true",0,0,32,0.1
130,1.0,0.5,30,0,0,32,0.5,-0.55,"true",130,1000,1.0,1.14,0,1.0,"false","true",0,0,32,0.1
132,1.0,0.5,30,0,0,32,0.5,-0.55,"true",132,1000,1.0,1.14,0,1.0,"false","true",0,0,32,0.1
134,1.0,0.5,30,0,0,32,0.5,-0.55,"true",134,1000,1.0,1.14,0,1.0,"false","true",0,0,32,0.1
136,1.0,0.5,30,0,0,32,0.5,-0.55,"true",136,1000,1.0,1.14,0,1.0,"false","true",0,0,32,0.1
138,1.0,0.5,30,0,0,32,0.5,-0.55,"true",138,1000,1.0,1.14,0,1.0,"false","true",0,0,32,0.1
140,1.0,0.5,30,0,0,32,0.5,-0.55,"true",140,1000,1.0,1.14,0,1.0,"false","true",0,0,32,0.1
142,1.0,0.5,30,0,0,32,0.5,-0.55,"true",142,1000,1.0,1.14,0,1.0,"false","true",0,0,32,0.1
144,1.0,0.5,30,0,0,32,0.5,-0.55,"true",144,1000,1.0,1.14,0,1.0,"false","true",0,0,32,0.1
146,1.0,0.5,30,0,0,32,0.5,-0.55,"true",146,1000,1.0,1.14,0,1.0,"false","true",0,0,32,0.1
148,1.0,0.5,30,0,0,32,0.5,-0.55,"true",148,1000,1.0,1.14,0,1.0,"false","true",0,0,32,0.1
150,1.0,0.5,30,0,0,32,0.5,-0.55,"true",150,1000,1.0,1.14,0,1.0,"false","true",0,0,32,0.1
152,1.0,0.5,30,0,0,32,0.5,-0.55,"true",152,1000,1.0,1.14,0,1.0,"false","true",0,0,32,0.1
154,1.0,0.5,30,0,0,32,0.5,-0.55,"true",154,1000,1.0,1.14,0,1.0,"false","true",0,0,32,0.1
156,1.0,0.5,30,0,0,32,0.5,-0.55,"true",156,1000,1.0,1.14,0,1.0,"false","true",0,0,32,0.1
158,1.0,0.5,30,0,0,32,0.5,-0.55,"true",158,1000,1.0,1.14,0,1.0,"false","true",0,0,32,0.1
160,1.0,0.5,30,0,0,32,0.5,-0.55,"true",160,1000,1.0,1.14,0,1.0,"false","true",0,0,32,0.1
162,1.0,0.5,30,0,0,32,0.5,-0.55,"true",162,1000,1.0,1.14,0,1.0,"false","true",0,0,32,0.1
164,1.0,0.5,30,0,0,32,0.5,-0.55,"true",164,1000,1.0,1.14,0,1.0,"false","true",0,0,32,0.1
166,1.0,0.5,30,0,0,32,0.5,-0.55,"true",166,1000,1.0,1.14,0,1.0,"false","true",0,0,32,0.1
168,1.0,0.5,30,0,0,32,0.5,-0.55,"true",168,1000,1.0,1.14,0,1.0,"false","true",0,0,32,0.1
170,1.0,0.5,30,0,0,32,0.5,-0.55,"true",170,1000,1.0,1.14,0,1.0,"false","true",0,0,32,0.1
172,1.0,0.5,30,0,0,32,0.5,-0.55,"true",172,1000,1.0,1.14,0,1.0,"false","true",0,0,32,0.1
174,1.0,0.5,30,0,0,32,0.5,-0.55,"true",174,1000,1.0,1.14,0,1.0,"false","true",0,0,32,0.1
176,1.0,0.5,30,0,0,32,0.5,-0.55,"true",176,1000,1.0,1.14,0,1.0,"false","true",0,0,32,0.1
178,1.0,0.5,30,0,0,32,0.5,-0.55,"true",178,1000,1.0,1.14,0,1.0,"false","true",0,0,32,0.1
180,1.0,0.5,30,0,0,32,0.5,-0.55,"true",180,1000,1.0,1.14,0,1.0,"false","true",0,0,32,0.1
182,1.0,0.5,30,0,0,32,0.5,-0.55,"true",182,1000,1.0,1.14,0,1.0,"false","true",0,0,32,0.1
184,1.0,0.5,30,0,0,32,0.5,-0.55,"true",184,1000,1.0,1.14,0,1.0,"false","true",0,0,32,0.1
186,1.0,0.5,30,0,0,32,0.5,-0.55,"true",186,1000,1.0,1.14,0,1.0,"false","true",0,0,32,0.1
188,1.0,0.5,30,0,0,32,0.5,-0.55,"true",188,1000,1.0,1.14,0,1.0,"false","true",0,0,32,0.1
190,1.0,0.5,30,0,0,32,0.5,-0.55,"true",190,1000,1.0,1.14,0,1.0,"false","true",0,0,32,0.1
192,1.0,0.5,30,0,0,32,0.5,-0.55,"true",192,1000,1.0,1.14,0,1.0,"false","true",0,0,32,0.1
194,1.0,0.5,30,0,0,32,0.5,-0.55,"true",194,1000,1.0,1.14,0,1.0,"false","true",0,0,32,0.1
196,1.0,0.5,30,0,0,32,0.5,-0.55,"true",196,1000,1.0,1.14,0,1.0,"false","true",0,0,32,0.1
198,1.0,0.5,30,0,0,32,0.5,-0.55,"true",198,1000,1.0,1.14,0,1.0,"false","true",0,0,32,0.1
200,1.0,0.5,30,0,0,32,0.5,-0.55,"true",200,1000,1.0,1.14,0,1.0,"false","true",0,0,32,0.1
202,1.0,0.5,30,0,0,32,0.5,-0.55,"true",202,1000,1.0,1.14,0,1.0,"false","true",0,0,32,0.1
204,1.0,0.5,30,0,0,32,0.5,-0.55,"true",204,1000,1.0,1.14,0,1.0,"false","true",0,0,32,0.1
206,1.0,0.5,30,0,0,32,0.5,-0.55,"true",206,1000,1.0,1.14,0,1.0,"false","true",0,0,32,0.1
208,1.0,0.5,30,0,0,32,0.5,-0.55,"true",208,1000,1.0,1.14,0,1.0,"false","true",0,0,32,0.1
210,1.0,0.5,30,0,0,32,0.5,-0.55,"true",210,1000,1.0,1.14,0,1.0,"false","true",0,0,32,0.1
212,1.0,0.5,30,0,0,32,0.5,-0.55,"true",212,1000,1.0,1.14,0,1.0,"false","true",0,0,32,0.1
214,1.0,0.5,30,0,0,32,0.5,-0.55,"true",214,1000,1.0,1.14,0,1.0,"false","true",0,0,32,0.1
216,1.0,0.5,30,0,0,32,0.5,-0.55,"true",216,1000,1.0,1.14,0,1.0,"false","true",0,0,32,0.1
218,1.0,0.5,30,0,0,32,0.5,-0.55,"true",218,1000,1.0,1.14,0,1.0,"false","true",0,0,32,0.1
220,1.0,0.5,30,0,0,32,0.5,-0.55,"true",220,1000,1.0,1.14,0,1.0,"false","true",0,0,32,0.1
222,1.0,0.5,30,0,0,32,0.5,-0.55,"true",222,1000,1.0,1.14,0,1.0,"false","true",0,0,32,0.1
224,1.0,0.5,30,0,0,32,0.5,-0.55,"true",224,1000,1.0,1.14,0,1.0,"false","true",0,0,32,0.1
226,1.0,0.5,30,0,0,32,0.5,-0.55,"true",226,1000,1.0,1.14,0,1.0,"false","true",0,0,32,0.1
228,1.0,0.5,30,0,0,32,0.5,-0.55,"true",228,1000,1.0,1.14,0,1.0,"false","true",0,0,32,0.1
230,1.0,0.5,30,0,0,32,0.5,-0.55,"true",230,1000,1.0,1.14,0,1.0,"false","true",0,0,32,0.1
232,1.0,0.5,30,0,0,32,0.5,-0.55,"true",232,1000,1.0,1.14,0,1.0,"false","true",0,0,32,0.1
234,1.0,0.5,30,0,0,32,0.5,-0.55,"true",234,1000,1.0,1.14,0,1.0,"false","true",0,0,32,0.1
236,1.0,0.5,30,0,0,32,0.5,-0.55,"true",236,1000,1.0,1.14,0,1.0,"false","true",0,0,32,0.1
238,1.0,0.5,30,0,0,32,0.5,-0.55,"true",238,1000,1.0,1.14,0,1.0,"false","true",0,0,32,0.1
240,1.0,0.5,30,0,0,32,0.5,-0.55,"true",240,1000,1.0,1.14,0,1.0,"false","true",0,0,32,0.1
242,1.0,0.5,30,0,0,32,0.5,-0.55,"true",242,1000,1.0,1.14,0,1.0,"false","true",0,0,32,0.1
244,1.0,0.5,30,0,0,32,0.5,-0.55,"true",244,1000,1.0,1.14,0,1.0,"false","true",0,0,32,0.1
246,1.0,0.5,30,0,0,32,0.5,-0.55,"true",246,1000,1.0,1.14,0,1.0,"false","true",0,0,32,0.1
248,1.0,0.5,30,0,0,32,0.5,-0.55,"true",248,1000,1.0,1.14,0,1.0,"false","true",0,0,32,0.1
250,1.0,0.5,30,0,0,32,0.5,-0.55,"true",250,1000,1.0,1.14,0,1.0,"false","true",0,0,32,0.1
252,1.0,0.5,30,0,0,32,0.5,-0.55,"true",252,1000,1.0,1.14,0,1.0,"false","true",0,0,32,0.1
254,1.0,0.5,30,0,0,32,0.5,-0.55,"true",254,1000,1.0,1.14,0,1.0,"false","true",0,0,32,0.1
256,1.0,0.5,30,0,0,32,0.5,-0.55,"true",256,1000,1.0,1.14,0,1.0,"false","true",0,0,32,0.1
258,1.0,0.5,30,0,0,32,0.5,-0.55,"true",258,1000,1.0,1.14,0,1.0,"false","true",0,0,32,0.1
260,1.0,0.5,30,0,0,32,0.5,-0.55,"true",260,1000,1.0,1.14,0,1.0,"false","true",0,0,32,0.1
262,1.0,0.5,30,0,0,32,0.5,-0.55,"true",262,1000,1.0,1.14,0,1.0,"false","true",0,0,32,0.1
264,1.0,0.5,30,0,0,32,0.5,-0.55,"true",264,1000,1.0,1.14,0,1.0,"false","true",0,0,32,0.1
266,1.0,0.5,30,0,0,32,0.5,-0.55,"true",266,1000,1.0,1.14,0,1.0,"false","true",0,0,32,0.1
268,1.0,0.5,30,0,0,32,0.5,-0.55,"true",268,1000,1.0,1.14,0,1.0,"false","true",0,0,32,0.1
270,1.0,0.5,30,0,0,32,0.5,-0.55,"true",270,1000,1.0,1.14,0,1.0,"false","true",0,0,32,0.1
272,1.0,0.5,30,0,0,32,0.5,-0.55,"true",272,1000,1.0,1.14,0,1.0,"false","true",0,0,32,0.1
274,1.0,0.5,30,0,0,32,0.5,-0.55,"true",274,1000,1.0,1.14,0,1.0,"false","true",0,0,32,0.1
276,1.0,0.5,30,0,0,32,0.5,-0.55,"true",276,1000,1.0,1.14,0,1.0,"false","true",0,0,32,0.1
278,1.0,0.5,30,0,0,32,0.5,-0.55,"true",278,1000,1.0,1.14,0,1.0,"false","true",0,0,32,0.1
280,1.0,0.5,30,0,0,32,0.5,-0.55,"true",280,1000,1.0,1.14,0,1.0,"false","true",0,0,32,0.1
282,1.0,0.5,30,0,0,32,0.5,-0.55,"true",282,1000,1.0,1.14,0,1.0,"false","true",0,0,32,0.1
284,1.0,0.5,30,0,0,32,0.5,-0.55,"true",284,1000,1.0,1.14,0,1.0,"false","true",0,0,32,0.1
286,1.0,0.5,30,0,0,32,0.5,-0.55,"true",286,1000,1.0,1.14,0,1.0,"false","true",0,0,32,0.1
288,1.0,0.5,30,0,0,32,0.5,-0.55,"true",288,1000,1.0,1.14,0,1.0,"false","true",0,0,32,0.1
290,1.0,0.5,30,0,0,32,0.5,-0.55,"true",290,1000,1.0,1.14,0,1.0,"false","true",0,0,32,0.1
292,1.0,0.5,30,0,0,32,0.5,-0.55,"true",292,1000,1.0,1.14,0,1.0,"false","true",0,0,32,0.1
294,1.0,0.5,30,0,0,32,0.5,-0.55,"true",294,1000,1.0,1.14,0,1.0,"false","true",0,0,32,0.1
296,1.0,0.5,30,0,0,32,0.5,-0.55,"true",296,1000,1.0,1.14,0,1.0,"false","true",0,0,32,0.1
298,1.0,0.5,30,0,0,32,0.5,-0.55,"true",298,1000,1.0,1.14,0,1.0,"false","true",0,0,32,0.1
300,1.0,0.5,30,0,0,32,0.5,-0.55,"true",300,1000,1.0,1.14,0,1.0,"false","true",0,0,32,0.1
302,1.0,0.5,30,0,0,32,0.5,-0.55,"true",302,1000,1.0,1.14,0,1.0,"false","true",0,0,32,0.1
304,1.0,0.5,30,0,0,32,0.5,-0.55,"true",304,1000,1.0,1.14,0,1.0,"false","true",0,0,32,0.1
306,1.0,0.5,30,0,0,32,0.5,-0.55,"true",306,1000,1.0,1.14,0,1.0,"false","true",0,0,32,0.1
308,1.0,0.5,30,0,0,32,0.5,-0.55,"true",308,1000,1.0,1.14,0,1.0,"false","true",0,0,32,0.1
310,1.0,0.5,30,0,0,32,0.5,-0.55,"true",310,1000,1.0,1.14,0,1.0,"false","true",0,0,32,0.1
312,1.0,0.5,30,0,0,32,0.5,-0.55,"true",312,1000,1.0,1.14,0,1.0,"false","true",0,0,32,0.1
314,1.0,0.5,30,0,0,32,0.5,-0.55,"true",314,1000,1.0,1.14,0,1.0,"false","true",0,0,32,0.1
316,1.0,0.5,30,0,0,32,0.5,-0.55,"true",316,1000,1.0,1.14,0,1.0,"false","true",0,0,32,0.1
318,1.0,0.5,30,0,0,32,0.5,-0.55,"true",318,1000,1.0,1.14,0,1.0,"false","true",0,0,32,0.1
320,1.0,0.5,30,0,0,32,0.5,-0.55,"true",320,1000,1.0,1.14,0,1.0,"false","true",0,0,32,0.1
322,1.0,0.5,30,0,0,32,0.5,-0.55,"true",322,1000,1.0,1.14,0,1.0,"false","true",0,0,32,0.1
324,1.0,0.5,30,0,0,32,0.5,-0.55,"true",324,1000,1.0,1.14,0,1.0,"false","true",0,0,32,0.1
326,1.0,0.5,30,0,0,32,0.5,-0.55,"true",326,1000,1.0,1.14,0,1.0,"false","true",0,0,32,0.1
328,1.0,0.5,30,0,0,32,0.5,-0.55,"true",328,1000,1.0,1.14,0,1.0,"false","true",0,0,32,0.1
330,1.0,0.5,30,0,0,32,0.5,-0.55,"true",330,1000,1.0,1.14,0,1.0,"false","true",0,0,32,0.1
332,1.0,0.5,30,0,0,32,0.5,-0.55,"true",332,1000,1.0,1.14,0,1.0,"false","true",0,0,32,0.1
334,1.0,0.5,30,0,0,32,0.5,-0.55,"true",334,1000,1.0,1.14,0,1.0,"false","true",0,0,32,0.1
336,1.0,0.5,30,0,0,32,0.5,-0.55,"true",336,1000,1.0,1.14,0,1.0,"false","true",0,0,32,0.1
338,1.0,0.5,30,0,0,32,0.5,-0.55,"true",338,1000,1.0,1.14,0,1.0,"false","true",0,0,32,0.1
340,1.0,0.5,30,0,0,32,0.5,-0.55,"true",340,1000,1.0,1.14,0,1.0,"false","true",0,0,32,0.1
342,1.0,0.5,30,0,0,32,0.5,-0.55,"true",342,1000,1.0,1.14,0,1.0,"false","true",0,0,32,0.1
344,1.0,0.5,30,0,0,32,0.5,-0.55,"true",344,1000,1.0,1.14,0,1.0,"false","true",0,0,32,0.1
346,1.0,0.5,30,0,0,32,0.5,-0.55,"true",346,1000,1.0,1.14,0,1.0,"false","true",0,0,32,0.1
348,1.0,0.5,30,0,0,32,0.5,-0.55,"true",348,1000,1.0,1.14,0,1.0,"false","true",0,0,32,0.1
350,1.0,0.5,30,0,0,32,0.5,-0.55,"true",350,1000,1.0,1.14,0,1.0,"false","true",0,0,32,0.1
352,1.0,0.5,30,0,0,32,0.5,-0.55,"true",352,1000,1.0,1.14,0,1.0,"false","true",0,0,32,0.1
354,1.0,0.5,30,0,0,32,0.5,-0.55,"true",354,1000,1.0,1.14,0,1.0,"false","true",0,0,32,0.1
356,1.0,0.5,30,0,0,32,0.5,-0.55,"true",356,1000,1.0,1.14,0,1.0,"false","true",0,0,32,0.1
358,1.0,0.5,30,0,0,32,0.5,-0.55,"true",358,1000,1.0,1.14,0,1.0,"false","true",0,0,32,0.1
360,1.0,0.5,30,0,0,32,0.5,-0.55,"true",360,1000,1.0,1.14,0,1.0,"false","true",0,0,32,0.1
362,1.0,0.5,30,0,0,32,0.5,-0.55,"true",362,1000,1.0,1.14,0,1.0,"false","true",0,0,32,0.1
364,1.0,0.5,30,0,0,32,0.5,-0.55,"true",364,1000,1.0,1.14,0,1.0,"false","true",0,0,32,0.1
366,1.0,0.5,30,0,0,32,0.5,-0.55,"true",366,1000,1.0,1.14,0,1.0,"false","true",0,0,32,0.1
368,1.0,0.5,30,0,0,32,0.5,-0.55,"true",368,1000,1.0,1.14,0,1.0,"false","true",0,0,32,0.1
370,1.0,0.5,30,0,0,32,0.5,-0.55,"true",370,1000,1.0,1.14,0,1.0,"false","true",0,0,32,0.1
372,1.0,0.5,30,0,0,32,0.5,-0.55,"true",372,1000,1.0,1.14,0,1.0,"false","true",0,0,32,0.1
374,1.0,0.5,30,0,0,32,0.5,-0.55,"true",374,1000,1.0,1.14,0,1.0,"false","true",0,0,32,0.1
376,1.0,0.5,30,0,0,32,0.5,-0.55,"true",376,1000,1.0,1.14,0,1.0,"false","true",0,0,32,0.1
378,1.0,0.5,30,0,0,32,0.5,-0.55,"true",378,1000,1.0,1.14,0,1.0,"false","true",0,0,32,0.1
380,1.0,0.5,30,0,0,32,0.5,-0.55,"true",380,1000,1.0,1.14,0,1.0,"false","true",0,0,32,0.1
382,1.0,0.5,30,0,0,32,0.5,-0.55,"true",382,1000,1.0,1.14,0,1.0,"false","true",0,0,32,0.1
384,1.0,0.5,30,0,0,32,0.5,-0.55,"true",384,1000,1.0,1.14,0,1.0,"false","true",0,0,32,0.1
386,1.0,0.5,30,0,0,32,0.5,-0.55,"true",386,1000,1.0,1.14,0,1.0,"false","true",0,0,32,0.1
388,1.0,0.5,30,0,0,32,0.5,-0.55,"true",388,1000,1.0,1.14,0,1.0,"false","true",0,0,32,0.1
390,1.0,0.5,30,0,0,32,0.5,-0.55,"true",390,1000,1.0,1.14,0,1.0,"false","true",0,0,32,0.1
392,1.0,0.5,30,0,0,32,0.5,-0.55,"true",392,1000,1.0,1.14,0,1.0,"false","true",0,0,32,0.1
394,1.0,0.5,30,0,0,32,0.5,-0.55,"true",394,1000,1.0,1.14,0,1.0,"false","true",0,0,32,0.1
396,1.0,0.5,30,0,0,32,0.5,-0.55,"true",396,1000,1.0,1.14,0,1.0,"false","true",0,0,32,0.1
398,1.0,0.5,30,0,0,32,0.5,-0.55,"true",398,1000,1.0,1.14,0,1.0,"false","true",0,0,32,0.1
400,1.0,0.5,30,0,0,32,0.5,-0.55,"true",400,1000,1.0,1.14,0,1.0,"false","true",0,0,32,0.1
402,1.0,0.5,30,0,0,32,0.5,-0.55,"true",402,1000,1.0,1.14,0,1.0,"false","true",0,0,32,0.1
404,1.0,0.5,30,0,0,32,0.5,-0.55,"true",404,1000,1.0,1.14,0,1.0,"false","true",0,0,32,0.1
406,1.0,0.5,30,0,0,32,0.5,-0.55,"true",406,1000,1.0,1.14,0,1.0,"false","true",0,0,32,0.1
408,1.0,0.5,30,0,0,32,0.5,-0.55,"true",408,1000,1.0,1.14,0,1.0,"false","true",0,0,32,0.1
410,1.0,0.5,30,0,0,32,0.5,-0.55,"true",410,1000,1.0,1.14,0,1.0,"false","true",0,0,32,0.1
412,1.0,0.5,30,0,0,32,0.5,-0.55,"true",412,1000,1.0,1.14,0,1.0,"false","true",0,0,32,0.1
414,1.0,0.5,30,0,0,32,0.5,-0.55,"true",414,1000,1.0,1.14,0,1.0,"false","true",0,0,32,0.1
416,1.0,0.5,30,0,0,32,0.5,-0.55,"true",416,1000,1.0,1.14,0,1.0,"false","true",0,0,32,0.1
418,1.0,0.5,30,0,0,32,0.5,-0.55,"true",418,1000,1.0,1.14,0,1.0,"false","true",0,0,32,0.1
420,1.0,0.5,30,0,0,32,0.5,-0.55,"true",420,1000,1.0,1.14,0,1.0,"false","true",0,0,32,0.1
422,1.0,0.5,30,0,0,32,0.5,-0.55,"true",422,1000,1.0,1.14,0,1.0,"false","true",0,0,32,0.1
424,1.0,0.5,30,0,0,32,0.5,-0.55,"true",424,1000,1.0,1.14,0,1.0,"false","true",0,0,32,0.1
426,1.0,0.5,30,0,0,32,0.5,-0.55,"true",426,1000,1.0,1.14,0,1.0,"false","true",0,0,32,0.1
428,1.0,0.5,30,0,0,32,0.5,-0.55,"true",428,1000,1.0,1.14,0,1.0,"false","true",0,0,32,0.1
430,1.0,0.5,30,0,0,32,0.5,-0.55,"true",430,1000,1.0,1.14,0,1.0,"false","true",0,0,32,0.1
432,1.0,0.5,30,0,0,32,0.5,-0.55,"true",432,1000,1.0,1.14,0,1.0,"false","true",0,0,32,0.1
434,1.0,0.5,30,0,0,32,0.5,-0.55,"true",434,1000,1.0,1.14,0,1.0,"false","true",0,0,32,0.1
436,1.0,0.5,30,0,0,32,0.5,-0.55,"true",436,1000,1.0,1.14,0,1.0,"false","true",0,0,32,0.1
438,1.0,0.5,30,0,0,32,0.5,-0.55,"true",438,1000,1.0,1.14,0,1.0,"false","true",0,0,32,0.1
440,1.0,0.5,30,0,0,32,0.5,-0.55,"true",440,1000,1.0,1.14,0,1.0,"false","true",0,0,32,0.1
442,1.0,0.5,30,0,0,32,0.5,-0.55,"true",442,1000,1.0,1.14,0,1.0,"false","true",0,0,32,0.1
444,1.0,0.5,30,0,0,32,0.5,-0.55,"true",444,1000,1.0,1.14,0,1.0,"false","true",0,0,32,0.1
446,1.0,0.5,30,0,0,32,0.5,-0.55,"true",446,1000,1.0,1.14,0,1.0,"false","true",0,0,32,0.1
448,1.0,0.5,30,0,0,32,0.5,-0.55,"true",448,1000,1.0,1.14,0,1.0,"false","true",0,0,32,0.1
450,1.0,0.5,30,0,0,32,0.5,-0.55,"true",450,1000,1.0,1.14,0,1.0,"false","true",0,0,32,0.1
452,1.0,0.5,30,0,0,32,0.5,-0.55,"true",452,1000,1.0,1.14,0,1.0,"false","true",0,0,32,0.1
454,1.0,0.5,30,0,0,32,0.5,-0.55,"true",454,1000,1.0,1.14,0,1.0,"false","true",0,0,32,0.1
456,1.0,0.5,30,0,0,32,0.5,-0.55,"true",456,1000,1.0,1.14,0,1.0,"false","true",0,0,32,0.1
458,1.0,0.5,30,0,0,32,0.5,-0.55,"true",458,1000,1.0,1.14,0,1.0,"false","true",0,0,32,0.1
460,1.0,0.5,30,0,0,32,0.5,-0.55,"true",460,1000,1.0,1.14,0,1.0,"false","true",0,0,32,0.1
462,1.0,0.5,30,0,0,32,0.5,-0.55,"true",462,1000,1.0,1.14,0,1.0,"false","true",0,0,32,0.1
464,1.0,0.5,30,0,0,32,0.5,-0.55,"true",464,1000,1.0,1.14,0,1.0,"false","true",0,0,32,0.1
466,1.0,0.5,30,0,0,32,0.5,-0.55,"true",466,1000,1.0,1.14,0,1.0,"false","true",0,0,32,0.1
468,1.0,0.5,30,0,0,32,0.5,-0.55,"true",468,1000,1.0,1.14,0,1.0,"false","true",0,0,32,0.1
470,1.0,0.5,30,0,0,32,0.5,-0.55,"true",470,1000,1.0,1.14,0,1.0,"false","true",0,0,32,0.1
472,1.0,0.5,30,0,0,32,0.5,-0.55,"true",472,1000,1.0,1.14,0,1.0,"false","true",0,0,32,0.1
474,1.0,0.5,30,0,0,32,0.5,-0.55,"true",474,1000,1.0,1.14,0,1.0,"false","true",0,0,32,0.1
476,1.0,0.5,30,0,0,32,0.5,-0.55,"true",476,1000,1.0,1.14,0,1.0,"false","true",0,0,32,0.1
478,1.0,0.5,30,0,0,32,0.5,-0.55,"true",478,1000,1.0,1.14,0,1.0,"false","true",0,0,32,0.1
480,1.0,0.5,30,0,0,32,0.5,-0.55,"true",480,1000,1.0,1.14,0,1.0,"false","true",0,0,32,0.1
482,1.0,0.5,30,0,0,32,0.5,-0.55,"true",482,1000,1.0,1.14,0,1.0,"false","true",0,0,32,0.1
484,1.0,0.5,30,0,0,32,0.5,-0.55,"true",484,1000,1.0,1.14,0,1.0,"false","true",0,0,32,0.1
486,1.0,0.5,30,0,0,32,0.5,-0.55,"true",486,1000,1.0,1.14,0,1.0,"false","true",0,0,32,0.1
488,1.0,0.5,30,0,0,32,0.5,-0.55,"true",488,1000,1.0,1.14,0,1.0,"false","true",0,0,32,0.1
490,1.0,0.5,30,0,0,32,0.5,-0.55,"true",490,1000,1.0,1.14,0,1.0,"false","true",0,0,32,0.1
492,1.0,0.5,30,0,0,32,0.5,-0.55,"true",492,1000,1.0,1.14,0,1.0,"false","true",0,0,32,0.1
494,1.0,0.5,30,0,0,32,0.5,-0.55,"true",494,1000,1.0,1.14,0,1.0,"false","true",0,0,32,0.1
496,1.0,0.5,30,0,0,32,0.5,-0.55,"true",496,1000,1.0,1.14,0,1.0,"false","true",0,0,32,0.1
498,1.0,0.5,30,0,0,32,0.5,-0.55,"true",498,1000,1.0,1.14,0,1.0,"false","true",0,0,32,0.1
500,1.0,0.5,30,0,0,32,0.5,-0.55,"true",500,1000,1.0,1.14,0,1.0,"false","true",0,0,32,0.1
